 Thermal Energy Group NG
 n1=           1

    1 0.27151E-07 0.77575E-08 0.00000E+00 0.14560E+00 0.14560E+00 0.00000E+00 0.88019E+01
    2 0.36019E+00-0.38508E-07 0.00000E+00 0.29465E+00 0.71901E+00 0.00000E+00 0.21451E+02
    3 0.83645E-01 0.37180E-07 0.00000E+00 0.79828E-01 0.28992E+00 0.00000E+00 0.17478E+02
    4 0.29847E+00-0.17856E-07 0.00000E+00 0.30064E+00 0.71979E+00 0.00000E+00 0.21379E+02
    5 0.77654E-01-0.13589E-07 0.00000E+00 0.97965E-01 0.32780E+00 0.00000E+00 0.17423E+02
    6 0.27936E+00-0.25102E-07 0.00000E+00 0.27769E+00 0.68338E+00 0.00000E+00 0.20734E+02
    7 0.99635E-01 0.00000E+00 0.00000E+00 0.77634E-01 0.13362E+00 0.00000E+00 0.17618E+02
    8 0.29708E+00-0.26206E-07 0.00000E+00 0.11938E+00 0.51199E+00 0.00000E+00 0.22622E+02
    9 0.43353E+00 0.48764E-09 0.00000E+00 0.13257E+01 0.14316E+01 0.00000E+00 0.29476E+02
   10-0.38508E-07 0.36019E+00 0.00000E+00 0.71901E+00 0.29465E+00 0.00000E+00 0.21451E+02
   11 0.28700E+00 0.28700E+00 0.00000E+00 0.16646E+00 0.16646E+00 0.00000E+00 0.34944E+02
   12 0.59013E+00 0.72166E+00 0.00000E+00 0.59843E+00 0.59339E+00 0.00000E+00 0.42648E+02
   13 0.15816E+00 0.28622E+00 0.00000E+00 0.19584E+00 0.20291E+00 0.00000E+00 0.34755E+02
   14 0.55881E+00 0.68031E+00 0.00000E+00 0.56145E+00 0.55692E+00 0.00000E+00 0.41346E+02
   15 0.19320E+00 0.32091E+00 0.00000E+00-0.58248E-02 0.15888E+00 0.00000E+00 0.34932E+02
   16 0.76338E+00 0.87969E+00 0.00000E+00 0.54930E+00 0.52752E+00 0.00000E+00 0.49652E+02
   17 0.20728E+00 0.48599E+00 0.00000E+00 0.33032E+00 0.30129E+00 0.00000E+00 0.45891E+02
   18 0.77549E+00 0.13898E+01 0.00000E+00 0.25684E+01 0.98858E+00 0.00000E+00 0.58906E+02
   19-0.74359E-08 0.83645E-01 0.00000E+00 0.28992E+00 0.79828E-01 0.00000E+00 0.17478E+02
   20 0.72166E+00 0.59013E+00 0.00000E+00 0.59339E+00 0.59843E+00 0.00000E+00 0.42648E+02
   21 0.16320E+00 0.16320E+00 0.00000E+00 0.19564E+00 0.19564E+00 0.00000E+00 0.34631E+02
   22 0.55901E+00 0.55174E+00 0.00000E+00 0.56201E+00 0.55939E+00 0.00000E+00 0.41218E+02
   23 0.19264E+00 0.19773E+00 0.00000E+00 0.14803E+00 0.14980E+00 0.00000E+00 0.34660E+02
   24 0.60856E+00 0.59771E+00 0.00000E+00 0.39830E+00 0.25157E+00 0.00000E+00 0.43044E+02
   25 0.35733E+00 0.22907E+00 0.00000E+00 0.25298E+00 0.39074E+00 0.00000E+00 0.45386E+02
   26 0.85284E+00 0.80452E+00 0.00000E+00 0.11252E+01 0.10754E+01 0.00000E+00 0.57632E+02
   27 0.99083E+00 0.11275E+01 0.00000E+00 0.26998E+01 0.21221E+01 0.00000E+00 0.59416E+02
   28-0.26784E-07 0.29847E+00 0.00000E+00 0.71979E+00 0.30064E+00 0.00000E+00 0.21379E+02
   29 0.28622E+00 0.15816E+00 0.00000E+00 0.20291E+00 0.19584E+00 0.00000E+00 0.34755E+02
   30 0.55174E+00 0.55901E+00 0.00000E+00 0.55939E+00 0.56201E+00 0.00000E+00 0.41218E+02
   31 0.19525E+00 0.19525E+00 0.00000E+00 0.15579E+00 0.15579E+00 0.00000E+00 0.34647E+02
   32 0.60080E+00 0.60679E+00 0.00000E+00 0.25267E+00 0.61709E+00 0.00000E+00 0.42824E+02
   33 0.50938E+00 0.51049E+00 0.00000E+00 0.52539E+00 0.52496E+00 0.00000E+00 0.48608E+02
   34 0.22941E+00 0.35774E+00 0.00000E+00 0.30601E+00 0.28577E+00 0.00000E+00 0.45785E+02
   35 0.79981E+00 0.10407E+01 0.00000E+00 0.24843E+01 0.98990E+00 0.00000E+00 0.58609E+02
   36-0.13589E-07 0.77653E-01 0.00000E+00 0.32780E+00 0.97965E-01 0.00000E+00 0.17423E+02
   37 0.68031E+00 0.55881E+00 0.00000E+00 0.55692E+00 0.56145E+00 0.00000E+00 0.41346E+02
   38 0.19773E+00 0.19264E+00 0.00000E+00 0.14980E+00 0.14803E+00 0.00000E+00 0.34660E+02
   39 0.60679E+00 0.60080E+00 0.00000E+00 0.61709E+00 0.25267E+00 0.00000E+00 0.42824E+02
   40 0.13950E+00 0.13950E+00 0.00000E+00 0.13692E+00 0.13692E+00 0.00000E+00 0.34785E+02
   41 0.61251E+00 0.22983E+00 0.00000E+00 0.30472E+00 0.29825E+00 0.00000E+00 0.45520E+02
   42 0.80110E+00 0.82004E+00 0.00000E+00 0.10129E+01 0.10511E+01 0.00000E+00 0.57805E+02
   43 0.11032E+01 0.11262E+01 0.00000E+00 0.26207E+01 0.22462E+01 0.00000E+00 0.59260E+02
   44-0.83675E-08 0.27936E+00 0.00000E+00 0.68338E+00 0.27769E+00 0.00000E+00 0.20734E+02
   45 0.32091E+00 0.19320E+00 0.00000E+00 0.15888E+00-0.58250E-02 0.00000E+00 0.34932E+02
   46 0.59771E+00 0.60856E+00 0.00000E+00 0.25157E+00 0.39830E+00 0.00000E+00 0.43044E+02
   47 0.51049E+00 0.50938E+00 0.00000E+00 0.52496E+00 0.52539E+00 0.00000E+00 0.48608E+02
   48 0.22983E+00 0.61251E+00 0.00000E+00 0.29825E+00 0.30472E+00 0.00000E+00 0.45520E+02
   49 0.80756E+00 0.80756E+00 0.00000E+00 0.10817E+01 0.10817E+01 0.00000E+00 0.57712E+02
   50 0.10344E+01 0.10649E+01 0.00000E+00 0.23655E+01 0.23741E+01 0.00000E+00 0.59517E+02
   51 0.00000E+00 0.99635E-01 0.00000E+00 0.13362E+00 0.77634E-01 0.00000E+00 0.17618E+02
   52 0.87969E+00 0.76338E+00 0.00000E+00 0.52752E+00 0.54930E+00 0.00000E+00 0.49652E+02
   53 0.22907E+00 0.35733E+00 0.00000E+00 0.39074E+00 0.25298E+00 0.00000E+00 0.45386E+02
   54 0.35774E+00 0.22941E+00 0.00000E+00 0.28577E+00 0.30601E+00 0.00000E+00 0.45785E+02
   55 0.82004E+00 0.80110E+00 0.00000E+00 0.10511E+01 0.10129E+01 0.00000E+00 0.57805E+02
   56 0.10649E+01 0.10344E+01 0.00000E+00 0.23741E+01 0.23655E+01 0.00000E+00 0.59517E+02
   57-0.39538E-07 0.29708E+00 0.00000E+00 0.51199E+00 0.11938E+00 0.00000E+00 0.22622E+02
   58 0.48599E+00 0.20728E+00 0.00000E+00 0.30129E+00 0.33032E+00 0.00000E+00 0.45891E+02
   59 0.80452E+00 0.85284E+00 0.00000E+00 0.10754E+01 0.11252E+01 0.00000E+00 0.57632E+02
   60 0.10407E+01 0.79981E+00 0.00000E+00 0.98990E+00 0.24843E+01 0.00000E+00 0.58609E+02
   61 0.11262E+01 0.11032E+01 0.00000E+00 0.22462E+01 0.26207E+01 0.00000E+00 0.59260E+02
   62 0.13375E-07 0.43353E+00 0.00000E+00 0.14316E+01 0.13257E+01 0.00000E+00 0.29476E+02
   63 0.13898E+01 0.77549E+00 0.00000E+00 0.98858E+00 0.25684E+01 0.00000E+00 0.58906E+02
   64 0.11275E+01 0.99083E+00 0.00000E+00 0.21221E+01 0.26998E+01 0.00000E+00 0.59416E+02
