 AXIAL ZONE NUMBER =           1
 Volume
   116.7   233.5   233.5   233.5   233.5   233.5   233.5   233.5   233.5   233.5
   466.9   466.9   466.9   466.9   466.9   466.9   466.9   466.9   233.5   466.9
   466.9   466.9   466.9   466.9   466.9   466.9   466.9   233.5   466.9   466.9
   466.9   466.9   466.9   466.9   466.9   233.5   466.9   466.9   466.9   466.9
   466.9   466.9   466.9   233.5   466.9   466.9   466.9   466.9   466.9   466.9
   233.5   466.9   466.9   466.9   466.9   466.9   233.5   466.9   466.9   466.9
   466.9   233.5   466.9   466.9
 Fast Group Diffusion Coefficient
   2.49187E+00   2.49198E+00   2.49187E+00   2.49198E+00   2.49187E+00   2.49265E+00   2.49187E+00   2.49254E+00   2.11974E+00   2.49198E+00
   2.49187E+00   2.49198E+00   2.49187E+00   2.49265E+00   2.49187E+00   2.49152E+00   2.49254E+00   2.11974E+00   2.49187E+00   2.49198E+00
   2.49187E+00   2.49265E+00   2.49187E+00   2.49198E+00   2.49254E+00   2.11974E+00   2.11974E+00   2.49198E+00   2.49187E+00   2.49265E+00
   2.49187E+00   2.49198E+00   2.49233E+00   2.49254E+00   2.11974E+00   2.49187E+00   2.49265E+00   2.49187E+00   2.49198E+00   2.49187E+00
   2.49254E+00   2.11974E+00   2.11974E+00   2.49265E+00   2.49187E+00   2.49198E+00   2.49233E+00   2.49254E+00   2.11974E+00   2.11974E+00
   2.49187E+00   2.49152E+00   2.49254E+00   2.49254E+00   2.11974E+00   2.11974E+00   2.49254E+00   2.49254E+00   2.11974E+00   2.11974E+00
   2.11974E+00   2.11974E+00   2.11974E+00   2.11974E+00
 Thermal Group Diffusion Coefficient
   1.04522E+00   1.05191E+00   1.04522E+00   1.05191E+00   1.04522E+00   1.04984E+00   1.04522E+00   1.04530E+00   9.80098E-01   1.05191E+00
   1.04522E+00   1.05191E+00   1.04522E+00   1.04984E+00   1.04522E+00   1.05403E+00   1.04530E+00   9.80098E-01   1.04522E+00   1.05191E+00
   1.04522E+00   1.04984E+00   1.04522E+00   1.05191E+00   1.04530E+00   9.80098E-01   9.80098E-01   1.05191E+00   1.04522E+00   1.04984E+00
   1.04522E+00   1.05191E+00   1.05195E+00   1.04530E+00   9.80098E-01   1.04522E+00   1.04984E+00   1.04522E+00   1.05191E+00   1.04522E+00
   1.04530E+00   9.80098E-01   9.80098E-01   1.04984E+00   1.04522E+00   1.05191E+00   1.05195E+00   1.04530E+00   9.80098E-01   9.80098E-01
   1.04522E+00   1.05403E+00   1.04530E+00   1.04530E+00   9.80098E-01   9.80098E-01   1.04530E+00   1.04530E+00   9.80098E-01   9.80098E-01
   9.80098E-01   9.80098E-01   9.80098E-01   9.80098E-01
 Removal Cross Section n =1
   6.79290E-02   6.69220E-02   6.79290E-02   6.69220E-02   6.79290E-02   6.72750E-02   6.79290E-02   6.79630E-02   4.28400E-02   6.69220E-02
   6.79290E-02   6.69220E-02   6.79290E-02   6.72750E-02   6.79290E-02   6.65840E-02   6.79630E-02   4.28400E-02   6.79290E-02   6.69220E-02
   6.79290E-02   6.72750E-02   6.79290E-02   6.69220E-02   6.79630E-02   4.28400E-02   4.28400E-02   6.69220E-02   6.79290E-02   6.72750E-02
   6.79290E-02   6.69220E-02   6.69400E-02   6.79630E-02   4.28400E-02   6.79290E-02   6.72750E-02   6.79290E-02   6.69220E-02   6.79290E-02
   6.79630E-02   4.28400E-02   4.28400E-02   6.72750E-02   6.79290E-02   6.69220E-02   6.69400E-02   6.79630E-02   4.28400E-02   4.28400E-02
   6.79290E-02   6.65840E-02   6.79630E-02   6.79630E-02   4.28400E-02   4.28400E-02   6.79630E-02   6.79630E-02   4.28400E-02   4.28400E-02
   4.28400E-02   4.28400E-02   4.28400E-02   4.28400E-02
 Removal Cross Section n = 2
   6.65080E-02   6.46280E-02   6.65080E-02   6.46280E-02   6.65080E-02   6.52960E-02   6.65080E-02   6.66320E-02   4.48520E-02   6.46280E-02
   6.65080E-02   6.46280E-02   6.65080E-02   6.52960E-02   6.65080E-02   6.40200E-02   6.66320E-02   4.48520E-02   6.65080E-02   6.46280E-02
   6.65080E-02   6.52960E-02   6.65080E-02   6.46280E-02   6.66320E-02   4.48520E-02   4.48520E-02   6.46280E-02   6.65080E-02   6.52960E-02
   6.65080E-02   6.46280E-02   6.46940E-02   6.66320E-02   4.48520E-02   6.65080E-02   6.52960E-02   6.65080E-02   6.46280E-02   6.65080E-02
   6.66320E-02   4.48520E-02   4.48520E-02   6.52960E-02   6.65080E-02   6.46280E-02   6.46940E-02   6.66320E-02   4.48520E-02   4.48520E-02
   6.65080E-02   6.40200E-02   6.66320E-02   6.66320E-02   4.48520E-02   4.48520E-02   6.66320E-02   6.66320E-02   4.48520E-02   4.48520E-02
   4.48520E-02   4.48520E-02   4.48520E-02   4.48520E-02
 Scattering Cross Section 1 -> 2
   6.37890E-02   6.27650E-02   6.37890E-02   6.27650E-02   6.37890E-02   6.31120E-02   6.37890E-02   6.37370E-02   4.20520E-02   6.27650E-02
   6.37890E-02   6.27650E-02   6.37890E-02   6.31120E-02   6.37890E-02   6.23860E-02   6.37370E-02   4.20520E-02   6.37890E-02   6.27650E-02
   6.37890E-02   6.31120E-02   6.37890E-02   6.27650E-02   6.37370E-02   4.20520E-02   4.20520E-02   6.27650E-02   6.37890E-02   6.31120E-02
   6.37890E-02   6.27650E-02   6.27370E-02   6.37370E-02   4.20520E-02   6.37890E-02   6.31120E-02   6.37890E-02   6.27650E-02   6.37890E-02
   6.37370E-02   4.20520E-02   4.20520E-02   6.31120E-02   6.37890E-02   6.27650E-02   6.27370E-02   6.37370E-02   4.20520E-02   4.20520E-02
   6.37890E-02   6.23860E-02   6.37370E-02   6.37370E-02   4.20520E-02   4.20520E-02   6.37370E-02   6.37370E-02   4.20520E-02   4.20520E-02
   4.20520E-02   4.20520E-02   4.20520E-02   4.20520E-02
 Multiplication Cross Section n = 2
   5.36000E-04   7.13000E-04   5.36000E-04   7.13000E-04   5.36000E-04   7.13000E-04   5.36000E-04   9.23000E-04   0.00000E+00   7.13000E-04
   5.36000E-04   7.13000E-04   5.36000E-04   7.13000E-04   5.36000E-04   9.21000E-04   9.23000E-04   0.00000E+00   5.36000E-04   7.13000E-04
   5.36000E-04   7.13000E-04   5.36000E-04   7.13000E-04   9.23000E-04   0.00000E+00   0.00000E+00   7.13000E-04   5.36000E-04   7.13000E-04
   5.36000E-04   7.13000E-04   9.21000E-04   9.23000E-04   0.00000E+00   5.36000E-04   7.13000E-04   5.36000E-04   7.13000E-04   5.36000E-04
   9.23000E-04   0.00000E+00   0.00000E+00   7.13000E-04   5.36000E-04   7.13000E-04   9.21000E-04   9.23000E-04   0.00000E+00   0.00000E+00
   5.36000E-04   9.21000E-04   9.23000E-04   9.23000E-04   0.00000E+00   0.00000E+00   9.23000E-04   9.23000E-04   0.00000E+00   0.00000E+00
   0.00000E+00   0.00000E+00   0.00000E+00   0.00000E+00
 KINF
   1.28694E-01   1.34148E-01   1.28694E-01   1.34148E-01   1.28694E-01   1.33544E-01   1.28694E-01   1.37456E-01   0.00000E+00   1.34148E-01
   1.28694E-01   1.34148E-01   1.28694E-01   1.33544E-01   1.28694E-01   1.39636E-01   1.37456E-01   0.00000E+00   1.28694E-01   1.34148E-01
   1.28694E-01   1.33544E-01   1.28694E-01   1.34148E-01   1.37456E-01   0.00000E+00   0.00000E+00   1.34148E-01   1.28694E-01   1.33544E-01
   1.28694E-01   1.34148E-01   1.38962E-01   1.37456E-01   0.00000E+00   1.28694E-01   1.33544E-01   1.28694E-01   1.34148E-01   1.28694E-01
   1.37456E-01   0.00000E+00   0.00000E+00   1.33544E-01   1.28694E-01   1.34148E-01   1.38962E-01   1.37456E-01   0.00000E+00   0.00000E+00
   1.28694E-01   1.39636E-01   1.37456E-01   1.37456E-01   0.00000E+00   0.00000E+00   1.37456E-01   1.37456E-01   0.00000E+00   0.00000E+00
   0.00000E+00   0.00000E+00   0.00000E+00   0.00000E+00
 Coolant Temperature
     1.0     1.0     1.0     1.0     1.0     1.0     1.0     1.0     1.0     1.0
     1.0     1.0     1.0     1.0     1.0     1.0     1.0     1.0     1.0     1.0
     1.0     1.0     1.0     1.0     1.0     1.0     1.0     1.0     1.0     1.0
     1.0     1.0     1.0     1.0     1.0     1.0     1.0     1.0     1.0     1.0
     1.0     1.0     1.0     1.0     1.0     1.0     1.0     1.0     1.0     1.0
     1.0     1.0     1.0     1.0     1.0     1.0     1.0     1.0     1.0     1.0
     1.0     1.0     1.0     1.0
 Fuel Temparature
     1.0     1.0     1.0     1.0     1.0     1.0     1.0     1.0     1.0     1.0
     1.0     1.0     1.0     1.0     1.0     1.0     1.0     1.0     1.0     1.0
     1.0     1.0     1.0     1.0     1.0     1.0     1.0     1.0     1.0     1.0
     1.0     1.0     1.0     1.0     1.0     1.0     1.0     1.0     1.0     1.0
     1.0     1.0     1.0     1.0     1.0     1.0     1.0     1.0     1.0     1.0
     1.0     1.0     1.0     1.0     1.0     1.0     1.0     1.0     1.0     1.0
     1.0     1.0     1.0     1.0
 Coolant density
   1.00000E+00   1.00000E+00   1.00000E+00   1.00000E+00   1.00000E+00   1.00000E+00   1.00000E+00   1.00000E+00   1.00000E+00   1.00000E+00
   1.00000E+00   1.00000E+00   1.00000E+00   1.00000E+00   1.00000E+00   1.00000E+00   1.00000E+00   1.00000E+00   1.00000E+00   1.00000E+00
   1.00000E+00   1.00000E+00   1.00000E+00   1.00000E+00   1.00000E+00   1.00000E+00   1.00000E+00   1.00000E+00   1.00000E+00   1.00000E+00
   1.00000E+00   1.00000E+00   1.00000E+00   1.00000E+00   1.00000E+00   1.00000E+00   1.00000E+00   1.00000E+00   1.00000E+00   1.00000E+00
   1.00000E+00   1.00000E+00   1.00000E+00   1.00000E+00   1.00000E+00   1.00000E+00   1.00000E+00   1.00000E+00   1.00000E+00   1.00000E+00
   1.00000E+00   1.00000E+00   1.00000E+00   1.00000E+00   1.00000E+00   1.00000E+00   1.00000E+00   1.00000E+00   1.00000E+00   1.00000E+00
   1.00000E+00   1.00000E+00   1.00000E+00   1.00000E+00
 Boron concentration
     1.0     1.0     1.0     1.0     1.0     1.0     1.0     1.0     1.0     1.0
     1.0     1.0     1.0     1.0     1.0     1.0     1.0     1.0     1.0     1.0
     1.0     1.0     1.0     1.0     1.0     1.0     1.0     1.0     1.0     1.0
     1.0     1.0     1.0     1.0     1.0     1.0     1.0     1.0     1.0     1.0
     1.0     1.0     1.0     1.0     1.0     1.0     1.0     1.0     1.0     1.0
     1.0     1.0     1.0     1.0     1.0     1.0     1.0     1.0     1.0     1.0
     1.0     1.0     1.0     1.0
