!==============================================================================!
!                                   SKETCH-N                                   !
!  Nodal Neutron Diffusion Code for Solving Steady-State and Kinetics Problems !
!              Version 1.0 (c) Slava 2000 e-mail: na.vzimin@na-net.ornl.gov    !
!      Date & Time of Calculation :  4 April    2025   2:33:56 pm              !
!==============================================================================!
 A Comparison of the SKETCH Results with  Input/VVER_IAEA2D_NOR_125.ref                                                                       
 VVER IAEA-2D No Reflector (0.125 log. der.)                                                         
 POLYNOMIAL NODAL METHOD, TRADITIONAL

k_eff Reference        :   0.99138
k_eff SKETCH-N         :   0.99142
Error, [pcm]           :     4.

Comparison of the 2D Power Distribution


                            1     2     3     4     5     6     7     8     9    10    11    12    13
                         ----  ----  ----  ----  ----  ----  ----  ----  ----  ----  ----  ----  ----
  1:                        1     2     3     4     5     6     7
  1:                     0.59  0.82  0.85  0.82  0.85  0.82  0.59
  1:                     0.59  0.82  0.85  0.82  0.85  0.82  0.59
  1:                     -0.3  -0.1  -0.0  -0.0  -0.0  -0.1  -0.3

  2:                     8     9    10    11    12    13    14    15
  2:                  0.82  1.20  1.29  1.13  1.13  1.29  1.20  0.82
  2:                  0.82  1.20  1.28  1.13  1.13  1.28  1.20  0.82
  2:                  -0.1  -0.3  -0.2  -0.0  -0.0  -0.2  -0.3  -0.1

  3:                 16    17    18    19    20    21    22    23    24
  3:               0.85  1.29  1.43  1.26  0.70  1.26  1.43  1.29  0.85
  3:               0.85  1.28  1.44  1.26  0.70  1.26  1.44  1.28  0.85
  3:               -0.0  -0.2   0.1   0.1  -0.4   0.1   0.1  -0.2  -0.0

  4:              25    26    27    28    29    30    31    32    33    34
  4:            0.82  1.13  1.26  1.23  1.03  1.03  1.23  1.26  1.13  0.82
  4:            0.82  1.13  1.26  1.23  1.04  1.04  1.23  1.26  1.13  0.82
  4:            -0.0  -0.0   0.1   0.2   0.3   0.3   0.2   0.1  -0.0  -0.0

  5:           35    36    37    38    39    40    41    42    43    44    45
  5:         0.85  1.13  0.70  1.03  0.61  0.89  0.61  1.03  0.70  1.13  0.85
  5:         0.85  1.13  0.70  1.04  0.61  0.90  0.61  1.04  0.70  1.13  0.85
  5:         -0.0  -0.0  -0.4   0.3  -0.1   0.3  -0.1   0.3  -0.4  -0.0  -0.0

  6:        46    47    48    49    50    51    52    53    54    55    56    57
  6:      0.82  1.29  1.26  1.03  0.89  0.82  0.82  0.89  1.03  1.26  1.29  0.82
  6:      0.82  1.28  1.26  1.04  0.90  0.83  0.83  0.90  1.04  1.26  1.28  0.82
  6:      -0.1  -0.2   0.1   0.3   0.3   0.4   0.4   0.3   0.3   0.1  -0.2  -0.1

  7:     58    59    60    61    62    63    64    65    66    67    68    69    70
  7:   0.59  1.20  1.43  1.23  0.61  0.82  0.51  0.82  0.61  1.23  1.43  1.20  0.59
  7:   0.59  1.20  1.44  1.23  0.61  0.83  0.51  0.83  0.61  1.23  1.44  1.20  0.59
  7:   -0.3  -0.3   0.1   0.2  -0.1   0.4   0.0   0.4  -0.1   0.2   0.1  -0.3  -0.3

  8:        71    72    73    74    75    76    77    78    79    80    81    82
  8:      0.82  1.29  1.26  1.03  0.89  0.82  0.82  0.89  1.03  1.26  1.29  0.82
  8:      0.82  1.28  1.26  1.04  0.90  0.83  0.83  0.90  1.04  1.26  1.28  0.82
  8:      -0.1  -0.2   0.1   0.3   0.3   0.4   0.4   0.3   0.3   0.1  -0.2  -0.1

  9:           83    84    85    86    87    88    89    90    91    92    93
  9:         0.85  1.13  0.70  1.03  0.61  0.89  0.61  1.03  0.70  1.13  0.85
  9:         0.85  1.13  0.70  1.04  0.61  0.90  0.61  1.04  0.70  1.13  0.85
  9:         -0.0  -0.0  -0.4   0.3  -0.1   0.3  -0.1   0.3  -0.4  -0.0  -0.0

 10:              94    95    96    97    98    99   100   101   102   103
 10:            0.82  1.13  1.26  1.23  1.03  1.03  1.23  1.26  1.13  0.82
 10:            0.82  1.13  1.26  1.23  1.04  1.04  1.23  1.26  1.13  0.82
 10:            -0.0  -0.0   0.1   0.2   0.3   0.3   0.2   0.1  -0.0  -0.0

 11:                104   105   106   107   108   109   110   111   112
 11:               0.85  1.29  1.43  1.26  0.70  1.26  1.43  1.29  0.85
 11:               0.85  1.28  1.44  1.26  0.70  1.26  1.44  1.28  0.85
 11:               -0.0  -0.2   0.1   0.1  -0.4   0.1   0.1  -0.2  -0.0

 12:                   113   114   115   116   117   118   119   120
 12:                  0.82  1.20  1.29  1.13  1.13  1.29  1.20  0.82
 12:                  0.82  1.20  1.28  1.13  1.13  1.28  1.20  0.82
 12:                  -0.1  -0.3  -0.2  -0.0  -0.0  -0.2  -0.3  -0.1

 13:                      121   122   123   124   125   126   127
 13:                     0.59  0.82  0.85  0.82  0.85  0.82  0.59
 13:                     0.59  0.82  0.85  0.82  0.85  0.82  0.59
 13:                     -0.3  -0.1  -0.0  -0.0  -0.0  -0.1  -0.3

Average Error in Power Distribution, (abs*100):    0.2
    RMS Error in Power Distribution, (abs*100):    0.2
Maximum Error in Power Distribution, (abs*100):   -0.4
Number of FA with the Maximum Error           :    108

Maximum Reference Power Density               :   1.43
Number of FA with the Maximum Reference Power :     18
Maximum SKETCH-N  Power Density               :   1.44
Number of FA with the Maximum SKETCH-N Power  :     18
Error in Maximum Power Density       (abs*100):    0.1
