!==============================================================================!
!                                   SKETCH-N                                   !
!  Nodal Neutron Diffusion Code for Solving Steady-State and Kinetics Problems !
!              Version 1.0 (c) Slava 2000 e-mail: na.vzimin@na-net.ornl.gov    !
!      Date & Time of Calculation :  4 April    2025   2:13:54 pm              !
!==============================================================================!
 A Comparison of the SKETCH Results with  Input/VVER_IAEA2D_NOR_05.ref                                                                        
 VVER IAEA-2D No Reflector (0.5 log. der.)                                                           
 POLYNOMIAL NODAL METHOD, TRADITIONAL

k_eff Reference        :   0.97808
k_eff SKETCH-N         :   0.97802
Error, [pcm]           :    -6.

Comparison of the 2D Power Distribution


                            1     2     3     4     5     6     7     8     9    10    11    12    13
                         ----  ----  ----  ----  ----  ----  ----  ----  ----  ----  ----  ----  ----
  1:                        1     2     3     4     5     6     7
  1:                     0.32  0.54  0.58  0.56  0.58  0.54  0.32
  1:                     0.32  0.54  0.57  0.55  0.57  0.54  0.32
  1:                     -0.4  -0.4  -0.3  -0.3  -0.3  -0.4  -0.4

  2:                     8     9    10    11    12    13    14    15
  2:                  0.54  1.06  1.21  1.07  1.07  1.21  1.06  0.54
  2:                  0.54  1.05  1.21  1.07  1.07  1.21  1.05  0.54
  2:                  -0.4  -0.6  -0.4  -0.3  -0.3  -0.4  -0.6  -0.4

  3:                 16    17    18    19    20    21    22    23    24
  3:               0.58  1.21  1.52  1.40  0.78  1.40  1.52  1.21  0.58
  3:               0.57  1.21  1.52  1.40  0.78  1.40  1.52  1.21  0.57
  3:               -0.3  -0.4   0.1   0.2  -0.4   0.2   0.1  -0.4  -0.3

  4:              25    26    27    28    29    30    31    32    33    34
  4:            0.56  1.07  1.40  1.46  1.28  1.28  1.46  1.40  1.07  0.56
  4:            0.55  1.07  1.40  1.47  1.29  1.29  1.47  1.40  1.07  0.55
  4:            -0.3  -0.3   0.2   0.6   0.6   0.6   0.6   0.2  -0.3  -0.3

  5:           35    36    37    38    39    40    41    42    43    44    45
  5:         0.58  1.07  0.78  1.28  0.80  1.21  0.80  1.28  0.78  1.07  0.58
  5:         0.57  1.07  0.78  1.29  0.80  1.22  0.80  1.29  0.78  1.07  0.57
  5:         -0.3  -0.3  -0.4   0.6   0.1   0.9   0.1   0.6  -0.4  -0.3  -0.3

  6:        46    47    48    49    50    51    52    53    54    55    56    57
  6:      0.54  1.21  1.40  1.28  1.21  1.17  1.17  1.21  1.28  1.40  1.21  0.54
  6:      0.54  1.21  1.40  1.29  1.22  1.18  1.18  1.22  1.29  1.40  1.21  0.54
  6:      -0.4  -0.4   0.2   0.6   0.9   1.0   1.0   0.9   0.6   0.2  -0.4  -0.4

  7:     58    59    60    61    62    63    64    65    66    67    68    69    70
  7:   0.32  1.06  1.52  1.46  0.80  1.17  0.74  1.17  0.80  1.46  1.52  1.06  0.32
  7:   0.32  1.05  1.52  1.47  0.80  1.18  0.74  1.18  0.80  1.47  1.52  1.05  0.32
  7:   -0.4  -0.6   0.1   0.6   0.1   1.0   0.4   1.0   0.1   0.6   0.1  -0.6  -0.4

  8:        71    72    73    74    75    76    77    78    79    80    81    82
  8:      0.54  1.21  1.40  1.28  1.21  1.17  1.17  1.21  1.28  1.40  1.21  0.54
  8:      0.54  1.21  1.40  1.29  1.22  1.18  1.18  1.22  1.29  1.40  1.21  0.54
  8:      -0.4  -0.4   0.2   0.6   0.9   1.0   1.0   0.9   0.6   0.2  -0.4  -0.4

  9:           83    84    85    86    87    88    89    90    91    92    93
  9:         0.58  1.07  0.78  1.28  0.80  1.21  0.80  1.28  0.78  1.07  0.58
  9:         0.57  1.07  0.78  1.29  0.80  1.22  0.80  1.29  0.78  1.07  0.57
  9:         -0.3  -0.3  -0.4   0.6   0.1   0.9   0.1   0.6  -0.4  -0.3  -0.3

 10:              94    95    96    97    98    99   100   101   102   103
 10:            0.56  1.07  1.40  1.46  1.28  1.28  1.46  1.40  1.07  0.56
 10:            0.55  1.07  1.40  1.47  1.29  1.29  1.47  1.40  1.07  0.55
 10:            -0.3  -0.3   0.2   0.6   0.6   0.6   0.6   0.2  -0.3  -0.3

 11:                104   105   106   107   108   109   110   111   112
 11:               0.58  1.21  1.52  1.40  0.78  1.40  1.52  1.21  0.58
 11:               0.57  1.21  1.52  1.40  0.78  1.40  1.52  1.21  0.57
 11:               -0.3  -0.4   0.1   0.2  -0.4   0.2   0.1  -0.4  -0.3

 12:                   113   114   115   116   117   118   119   120
 12:                  0.54  1.06  1.21  1.07  1.07  1.21  1.06  0.54
 12:                  0.54  1.05  1.21  1.07  1.07  1.21  1.05  0.54
 12:                  -0.4  -0.6  -0.4  -0.3  -0.3  -0.4  -0.6  -0.4

 13:                      121   122   123   124   125   126   127
 13:                     0.32  0.54  0.58  0.56  0.58  0.54  0.32
 13:                     0.32  0.54  0.57  0.55  0.57  0.54  0.32
 13:                     -0.4  -0.4  -0.3  -0.3  -0.3  -0.4  -0.4

Average Error in Power Distribution, (abs*100):    0.4
    RMS Error in Power Distribution, (abs*100):    0.5
Maximum Error in Power Distribution, (abs*100):    1.0
Number of FA with the Maximum Error           :     51

Maximum Reference Power Density               :   1.52
Number of FA with the Maximum Reference Power :     18
Maximum SKETCH-N  Power Density               :   1.52
Number of FA with the Maximum SKETCH-N Power  :     18
Error in Maximum Power Density       (abs*100):    0.1
